INDEX 10 THE NO'I’ES.

l'redneere, 165
—-, 10 change, 41
ἶ, 10 066000, 193,

Tullius, 8060160, e 010601
006, 184

Tullus Hostilius, 98

1666, 601 061 011, 226

465

116000160, 236

11660, 144, 187, 282, 346
Ι16016160,116 '

Urticu, 38, 271 44³

Trahere, .-.· 660060, 279, 1660, 16 110 01606 time, urus, 606110161016,116

866
— lenem, 30
Trajan improres 106160
Augurii, 286
. 1601100, 62
160610, 444
1610601110, 428
Transire, 56, 166, 260
1606060600 diurni, 148
Trebius, 96, 108
16001061660, 62
'frementes 00611, 84 ,
16006060, 10 0161106, 94
1606160060, 14, 66
11061660, 31
1100010, 422
· Tria nomine, 103
111100, 422
16166601 vendere, 202
Tribuni, their juridiction,
—-- 1611110600, 16, 76,
172, 331

, Tribunus, 14, 16, 42, 76

-——, 1160 emperor, 41,

'li-ielininm, 37

161060, 0016, 71

16106101, 406

1111011666, wine 01, 220

Tripodes, 166

1616661060, 426

1610066610, 207

1610110, 26, 376

, ’111666616οῙ 01606101, 177,
- 6600000106, 238,

—· 0101600, 17

16010600, 374

1101000000 14 206, 268

1606000, 242

16000611, 388

11060010, 42

166110, 66

1666060196

1661160, 144, 376

1166160660, 272

16, emphatic, 320

-, 106 3060601 601060600,

-, 1660, 432

116610, length 01, 146
166100 10610, 233
-- 166161, 829
--- 66010010, 20, 212
1661001060, 411

166100 Remi, 286
11661060, 324

Turbida Rome, 374
1663000060, 10 301 101, 420
11663160, 89

16631660, ·; crudus, 406
1116660, 21, 170, 288, 360
-,1160 6001, 10
1166610, 6316, 819

16001 libelli, 299

1160060, 400

1161010, ·.-. 16106, 326
116106, 8, 198, 391
-,160660 01, 248, 366
&mmm

Tyrio 1110, 178

11060 rerum, 294, 420

Ut, eut er Quat, 297
-Ξὲἓριέοὸῖ 616041, 216, 221,
- merie, 412

1111, 01001610, 487

11νο, 0060666 0111000, 299

V.

100660,Ι 46, 239
Vadimonium, 67, 74
100, 441

veser, 886, 388

V 11160, 303, 362
Va 0610 3060, 191, 896
101000, 223
1060601160, 887
10660, 422

106610, 73 ¹
Verieoem, 142, 488
10611160, 23

. 1060427

U.

1100Ιο306, 66

1116600 00060, 272

Ultima, bellorum, 361

- 6106161610, 284

Ultio, 8oe

Umbrae, 289

Ulyeeee, 227, 260, 268, 888

—— 3000 10 1160 116000-
1103, 346

11666600 0006, 164
-, 0 001001, 181

1160 016060, 94

11601 60600, 378

116010, 271

11601010, 7

Unctus, 3006 610100, 409,
-—, 6601113010, 411
Uncus, 312

Unde, with 0006001100, 320
-· 606101 78

1163606, 440

’ Unguenta, 270, 349

16001616, 893
’1161110 3060, 212

1163610, 881, 886
11660 01 01106, 374
Urbanus, 803
11661060, 118

1066016001-16006, 437
1006 nepem, 821
10000600, 361

1011006 clay, 189
10116160, 110 00116106, 97
100116160, 410

100106, 284

1010610, 68, 88, 120
1011, wine 01, 428
1011163 01 0006111000, 142
101660 vel nemo, 874
1010610, 89 ,
101160 tribue, 422
Vellere hurbem, 868, 892
1060, 168

Venafrum, 99

1060110, 48

Venalis. 206

1060110600, 6
1066060178
1060601611ἱο, 0011νο, 866
1060610 demus, 82
-- merline, 166
1060160, 61

Venire 106 11006160, 88,166
1060060, 382

Ventidius 06666660, 282
-— Βο0060, 188,
1061110010, 6

Ventrem, mergere in, 264
10660, 421

 

