448

Caballinus, 869

Ceraunus, 17, 869

· (laist-l 59
01511555,875

0155511151,168

Cacus, 102

05151515 be condemned,
79, 286

-, 51 1151111551, 287

Cadurcum, 152, 186

0111555111, 222

01151, 187, 220

Caedicius, 809

0551515151, 227, 261, 282

Caelum terris 51115515, 27

Caesar, C. 151151, 240

Caesennia, 124

015155115115 51 Caligula,
157, 441

Caespes, 278, 488

0115115828

Calabrica wool, 895

0511555, 202

Calagurris, siege 51, 851

011551115151, 18, 218

01155151, 219, 271

0515551, 59, 861

05115, 405

01155551, 10

Caligae, 70, 76, 861

0111315151 155511115, 115

Caligula acts 51 popa, 280

---, his expedition
against the (15151151, 440

--, his 5111155, 440

---, 111515155151 oon·
quest 5111111515, 440

-÷-, his 1115511, 289

---, his madness aad
death, 157

0511155581

01155887

Calvina, 58

01111551, 298

051151, 82, 880

0515511, 427

05515515, 47, 168, 417

0115511551, 172,194

0511111151, 40

0115515151, 99

01155, 1151555860

Campania, 251

Campus Martius, 88, 420

---, 111 1111-
1511, 151

0151511, 406

0551115115511151, 890

Carere, 81

0151, 11511 115111, 421

Canicula, 151, 401

01511, 155, 401

01511111, 875

Canna,100
Cannae, 41, 180, 276
015511511151,851
51 Egyptians

6151551845
0555551, 6, 120, 848
Cantaber, 852
0151115151 music, 86, 247
-3-71Ἳ 80 100110, 3, 211,
0151111151,66
Canthus, 421
Canusium, 125
Capena 55115, 46
0551115151, 96
0151111551, 116
Capito, 199
0551151111, 285, 828
0151151151 quercus, 141
01511511551, 5535511155, 89
Capitolium, 278
Cappadoces, 15185, 444
Capreae, 286, 288
0115116551, 248, 877
Capsa, 185, 240
015111151, 240
0151115, 51 wille, 865
01515151, 100, 116, 247
05551 555555, 81, 102, 272
0511511111, giren 15 driving,
05155115151511, 249
-- 111515111551,75
-- 15111551, 818
0111115551, 96
0111151181
05551111515115115, 184
Carmen, 51515151, 871
01115151, charras, 128
0515111551, 206
Carpathium 15115, 887
0515551515, 208, 225
0115151, 224
011111535251

” 05151 Mettius?

051111, 895, 489

Cascis, 242, 269
0511151, 96

Castalia, 870

05115111, 881

Castigare, 874

Castor, 5111551515, 886
0111515551, 427

011111, 1115551555, 89
-- 5151511, 144
011115515 peculium, 864
0115115, 444

01151151, 220

Catane, 218

Cathedra, 10, 121, 219
--, professore cheir,

184

INDEX TO THE NOTES.

' 0511551, 58

Catilina, 27, 211, 819
-—-·, hie death, 252
Catina, 198

05115551, 482

0515, 28

—, Μ. Porcius, 268
01415),1 51 Utica, 187, 811,
0511, 844

Catti, 90

0515115, 254

Catullus, playwriter, 2⁰1,
-—277-, J ureaal’s 61154,
—-—-, 1155151Ιί5111, 88
Catulus, 89, 212

055151, 448

05555, 224

055155 35551, 179

0151111551, 6, 145, 174, 211
Cecropia, 88
0551551151, 195

0515, 149, 810
05151878

Celebrate, 70, 218
0111511515555151151 188
0551511, 148

055151, 87, 79, 228, 820
Censura, 81

055151, 15 5515515, 865
05515, 128

Centum ora, 415, 416
0551511551, 881, 862, 404
055151111, 488

05155, will, 80 ’
—--, 11111511, 9
0515151, 489
0515551115551, 848
05115, 206

05115551, 90

Cerealia, 117, 886
0515111 35551, 240
05151, 76

-, 5111151111 51, 856
Cenoma, 52, 188
Cervical, 140

051111, 54

Cessare, 4

Cessator, 426

Cethegus, 27, 211, 252
0511551111, 822

011515, 888
0115151111151, 480
Chaerippus, 199
0151115151, 158
Charon, 72

Charta, 4, 808, 899
Charybdis, 101, 845
01511311, 421

 

